43
47
37
41
39
41
43
45
52
37
22
41
49
37
37
56
37
22
45
35
39
29
37
20
31
45
29
60
41
37
43
43
43
41
41
37
39
35
47
39
35
20
35
43
35
41
41
56
37
20
56
35
35
37
33
35
37
46
33
39
39
60
9
39
58
37
37
37
24
50
48
37
39
39
48
52
39
56
33
35
62
54
41
37
41
54
50
41
41
50
56
58
48
54
41
20
35
39
58
37
33
43
43
62
50
43
37
26
39
60
26
37
33
56
39
37
24
43
29
22
35
52
22
39
39
26
24
60
18
22
35
39
37
52
39
45
39
48
39
37
56
22
37
58
39
30
24
28
41
22
26
24
39
54
33
37
37
43
24
75
11
41
39
49
58
41
58
46
33
60
37
24
37
39
39
37
37
43
37
52
41
41
54
26
37
37
43
50
20
39
43
58
39
35
35
31
58
37
56
37
26
62
22
39
52
50
37
43
64
52
45
35
35
37
45
37
35
45
54
24
56
45
37
39
18
39
33
41
39
56
71
45
26
39
45
31
64
58
20
22
41
24
24
18
44
43
35
24
24
43
60
43
54
24
28
58
37
37
37
60
43
35
39
35
39
60
39
58
64
22
45
20
31
41
64
41
24
39
56
35
20
22
52
60
41
37
75
56
58
41
26
47
22
60
37
37
41
39
56
24
52
37
39
41
41
24
64
39
52
54
26
39
41
43
37
37
39
39
20
37
22
58
39
35
43
43
37
37
60
37
52
39
33
24
37
46
24
41
54
39
60
24
26
20
22
39
37
24
39
41
35
41
37
35
35
52
60
45
41
37
35
35
20
26
41
27
54
28
33
50
20
43
60
35
37
60
35
24
52
33
54
37
48
22
54
41
37
24
28
52
52
41
43
39
33
45
39
35
27
35
43
31
48
37
37
35
62
35
50
41
62
20
41
29
50
58
41
41
60
35
60
45
22
37
41
41
43
41
35
22
39
35
37
39
45
43
39
45
45
35
39
22
41
31
41
41
22
62
58
39
24
39
41
39
22
37
33
52
62
41
43
28
60
39
58
37
41
35
11
20
31
39
56
35
33
58
33
56
68
39
39
52
22
35
35
41
33
39
56
58
58
41
45
62
41
60
35
31
39
41
35
45
41
62
26
39
39
22
45
43
18
22
37
39
50
39
39
33
60
35
33
35
43
35
37
41
52
54
33
56
35
35
39
26
41
24
41
22
35
35
35
37
20
48
28
22
37
18
33
45
64
52
50
39
39
35
47
60
33
33
47
37
37
50
41
64
52
22
37
43
58
35
58
37
26
41
37
52
54
41
45
41
35
39
50
54
28
56
20
60
37
45
43
35
22
37
41
52
39
58
43
41
37
41
56
35
26
54
41
43
45
37
58
39
31
35
24
24
20
35
20
26
39
39
39
49
52
41
43
56
33
60
50
43
24
58
26
20
41
62
41
37
39
39
50
56
20
39
24
50
58
39
18
31
54
28
43
39
26
52
58
43
41
60
39
37
52
20
39
41
24
45
43
41
35
22
26
24
39
45
43
20
20
39
24
22
41
52
39
37
60
35
39
11
24
64
43
9
39
33
39
56
33
58
37
33
47
39
24
41
35
33
54
50
35
24
41
41
54
39
39
39
37
39
58
41
18
37
35
39
35
14
22
56
60
41
39
24
28
58
37
37
35
50
41
32
41
43
24
62
31
16
24
43
41
56
35
41
37
26
62
64
22
41
41
39
7
35
35
37
50
39
33
54
56
58
39
37
43
20
54
37
41
58
52
54
33
43
56
56
37
24
43
52
52
58
33
35
35
41
37
43
41
53
35
62
56
41
33
43
47
60
52
41
58
37
39
37
41
39
43
18
22
24
22
45
26
33
18
18
56
39
33
50
26
43
37
31
41
31
58
37
26
54
58
41
29
43
20
56
22
37
56
33
43
33
39
41
50
35
41
22
41
35
37
54
24
41
41
64
22
20
24
35
37
24
39
22
37
54
52
18
35
43
52
64
50
60
39
33
43
37
41
60
45
43
77
24
56
9
33
58
68
45
47
11
43
37
37
33
56
43
33
58
41
31
22
39
24
37
41
24
39
54
31
50
56
24
35
31
41
35
52
60
64
41
35
56
54
37
56
39
33
43
37
41
50
54
22
56
60
52
41
58
43
41
37
37
43
35
35
39
11
56
22
20
41
48
43
54
41
64
39
31
22
31
56
41
35
41
39
31
37
48
31
20
37
35
49
20
35
31
43
22
39
43
35
41
58
35
52
50
20
37
39
37
9
35
56
24
35
60
45
50
39
56
17
35
24
60
35
52
35
43
18
35
52
41
39
43
41
31
31
20
24
50
39
43
56
35
54
45
45
39
20
39
50
37
37
37
35
41
41
18
54
56
26
43
35
33
24
41
56
22
67
41
22
43
54
35
39
35
39
41
31
39
24
45
56
54
41
58
37
35
43
37
46
45
41
35
43
43
26
37
37
22
20
56
24
54
31
37
35
24
39
26
35
39
56
33
43
54
43
26
41
39
60
43
43
54
37
22
37
41
20
43
39
